<<<<<<< HEAD
1
6 2
3 3 3 2 1 1
3 3 3 2 2 1
3 3 3 3 3 2
2 2 3 2 2 2
2 2 3 2 2 2
2 2 2 2 2 2
6 4
3 2 2 2 1 2
3 2 2 2 1 2
3 3 3 3 2 2
3 3 3 3 2 2
3 2 2 2 2 2
3 2 2 2 2 2
7 2
1 1 1 1 2 1 1
1 1 1 2 2 2 1
2 2 2 2 2 2 2
2 2 2 2 2 2 2
2 2 2 2 2 2 2
2 2 2 2 2 2 2
2 2 2 2 2 2 2
8 3
2 2 2 3 3 4 2 2
2 2 2 3 3 4 2 2
2 2 2 2 2 2 2 2
2 2 2 2 2 2 2 2
2 2 2 2 1 1 2 2
2 1 1 1 1 1 1 1
2 1 1 1 1 1 1 1
2 1 1 1 1 1 1 1
8 4
1 1 1 1 1 1 1 1
1 1 1 1 1 1 1 1
1 1 1 1 1 1 1 1
2 1 1 1 1 1 1 1
2 1 1 1 1 1 1 1
2 1 1 1 1 1 1 1
1 1 1 1 1 1 1 2
1 1 1 1 1 1 1 2
9 4
4 4 3 3 3 3 2 2 2
4 4 3 3 1 1 2 2 3
3 3 2 2 1 1 1 1 2
1 1 1 1 1 1 1 1 1
1 1 1 1 1 1 1 1 1
2 2 1 1 1 1 1 1 1
2 2 1 1 1 1 1 1 1
2 2 2 2 2 2 1 1 1
3 3 3 3 2 2 2 2 1
10 2
2 2 3 5 3 1 1 1 1 1
2 2 3 5 3 1 1 1 1 1
3 3 4 5 4 3 2 1 1 2
3 3 4 5 4 3 2 1 1 2
5 5 5 5 5 5 3 1 1 3
4 4 4 5 5 5 4 3 3 3
4 4 4 5 5 5 5 5 5 3
4 4 4 4 4 5 5 5 5 3
4 4 4 4 4 5 5 5 5 3
5 5 4 4 4 5 5 5 5 4
12 4
4 4 4 5 5 4 4 4 4 4 4 4
5 5 5 5 5 5 5 5 5 5 5 4
4 4 4 5 5 4 4 4 5 5 5 4
3 3 4 5 5 4 3 4 5 5 5 4
3 3 4 5 5 4 3 4 5 5 5 4
2 2 3 4 4 4 4 4 4 4 4 5
2 2 3 4 4 4 4 4 4 4 4 5
2 2 3 3 3 4 5 3 2 2 4 4
3 3 3 4 4 4 5 4 3 3 4 4
3 3 4 5 5 5 5 5 5 5 5 4
3 3 4 5 5 5 5 5 5 5 5 4
4 4 4 4 4 4 5 5 5 5 5 4
15 3
5 4 4 3 3 3 2 2 2 3 4 4 4 4 4
5 4 4 3 3 3 2 2 2 3 4 4 4 4 4
5 5 5 5 4 4 2 2 3 4 4 4 4 4 5
5 4 4 3 3 3 2 2 3 4 4 4 4 4 4
5 3 3 1 2 2 3 3 3 4 4 4 4 4 4
3 3 3 3 3 3 3 3 3 3 4 4 4 4 4
3 3 3 3 3 3 3 3 3 3 4 4 4 4 4
2 3 3 4 3 3 3 3 3 3 3 4 4 4 3
2 3 3 4 3 3 3 3 3 3 3 4 4 4 3
3 4 4 4 4 4 3 3 3 3 3 3 4 4 4
5 5 5 4 4 4 4 4 3 3 3 3 4 4 5
5 5 5 4 4 4 4 4 3 3 3 3 4 4 5
5 5 5 5 4 4 4 4 3 3 2 2 3 3 4
5 5 5 5 5 5 4 4 3 3 2 1 2 2 3
5 5 5 5 5 5 4 4 3 3 2 1 2 2 3
20 3
3 3 3 2 2 2 2 3 3 3 4 4 4 4 4 4 5 5 5 5
3 3 3 2 2 2 2 3 3 3 4 4 4 4 4 4 5 5 5 5
5 3 3 2 2 2 2 2 3 3 4 4 4 4 5 5 5 5 5 5
4 3 3 1 1 1 1 1 2 3 4 4 4 5 5 5 5 5 5 5
4 2 2 1 1 1 1 1 2 3 4 5 5 5 5 5 5 5 5 5
4 3 3 2 2 2 2 1 2 3 4 5 5 5 5 5 5 5 5 5
4 4 4 4 4 3 3 2 3 4 5 5 5 5 5 5 5 5 5 5
4 3 3 3 3 3 3 3 4 4 4 5 5 5 5 5 5 4 4 4
4 3 3 3 3 3 3 3 4 4 4 5 5 5 5 5 5 4 4 4
4 3 3 3 3 4 4 4 4 4 5 5 5 5 5 5 5 5 5 5
3 3 3 3 3 4 4 4 4 4 5 5 5 5 5 5 5 5 5 5
3 3 3 3 3 4 4 4 4 4 4 4 5 5 5 5 5 5 5 5
3 3 3 3 4 4 4 4 5 5 5 5 5 5 5 5 5 5 5 5
4 4 4 4 4 4 4 5 5 5 5 5 5 5 5 5 5 4 4 4
4 4 4 4 4 4 4 5 5 5 5 5 5 5 5 5 5 4 4 4
5 5 5 5 5 5 5 5 5 5 5 5 4 4 4 4 4 4 4 4
5 5 5 5 5 5 5 5 5 5 5 5 3 3 3 3 4 4 4 4
5 5 5 5 5 5 5 5 5 5 5 5 3 3 2 2 3 3 4 4
5 5 5 5 5 5 5 5 5 5 5 5 3 3 2 2 3 3 4 4
5 5 5 5 5 5 5 5 4 4 4 4 3 3 3 3 4 4 4 4
=======
3
4 4
5 7 8 4 
7 1 2 6 
3 3 3 8 
6 1 3 2 
5 5
5 2 9 8 9 
5 9 2 0 8 
6 10 8 6 7 
10 9 10 9 7 
6 6 2 3 5 
10 10
8 1 10 3 4 8 2 9 1 0 
7 5 0 5 8 9 2 5 1 5 
10 9 0 8 1 6 10 4 2 0 
6 4 5 1 5 4 9 3 6 4 
6 8 7 1 0 10 8 1 1 10 
2 0 8 4 1 2 4 6 7 7 
1 10 6 9 2 5 8 8 7 8 
3 6 2 10 9 7 7 3 7 8 
2 5 10 0 4 2 10 0 1 9 
2 7 8 2 0 4 0 2 10 3 
>>>>>>> 2fccb8a404ba99ee40bbcaafe2c3719b4c53a9b7
